2712.6750640466043
2750.229534234615
2784.156306362556
2713.3920129535018
2697.5373371058263
2714.180172593683
2791.639279880792
2768.0688119703887
2750.3884774249286
2728.704637845752
2792.653324984773
2721.055503124969
2779.168311973941
2758.4173082770176
2781.75256186674
2737.4893560395103
2760.5996698193276
2713.3273561641113
2707.2890742186364
2706.19541269191
2810.8575835647625
2799.4788751758083
2777.0130009219497
2777.2032078450693
2728.775467478575
2790.8125847645665
2768.651450660028
2683.2491663657106
2767.8956955215754
2766.9187120042984
2792.457207733969
2820.9874872651853
2747.507039215734
2730.7030499524826
2739.4937299871212
2777.1636235755805
2730.758355928982
2705.2345144885794
2740.790149842636
2726.138844506577
2780.6039215459687
2704.87007212636
2780.1082587224687
2743.236700284194
2775.334892936764
2735.8243655451597
2784.635149918741
2750.241567981343
2758.387786040374
2722.6488959093112
2782.815449342678
2748.782144379904
2802.6677980156687
2745.635823387195
2716.1698088995195
2756.3647692986456
2785.5348903058452
2768.6973460279005
2786.180762962089
2738.1633401940867
2778.9161834502297
2769.6977970065955
2743.858935725224
2780.1951965296576
2788.470459791174
2788.1508912833756
2767.557743579404
2771.8316687193415
2727.7071409416058
2730.742396573245
2773.3549174308773
2811.7509403444856
2760.3979747795047
2749.609957324596
2778.874559180687
2690.2322872233767
2754.806540703155
2785.760004416351
2724.8236574622592
2801.3640711050657
2774.6572829782945
2697.450763027172
2822.6308375632498
2765.593955831707
2757.039416733995
2738.301714322146
2817.01731712468
2779.979007195491
2782.163656519016
2790.9147724017316
2807.1579946151846
2773.8818788941358
2794.8140426902414
2757.721375700934
2751.1908024905356
2733.99254946542
2770.844844019446
2744.887138528656
2751.66982365758
2772.723092111667
