2766.726458040127
2797.7053166384785
2759.37557794532
2782.3183792445398
2778.791225370628
2780.6649729778583
2726.845080359185
2763.0109502014075
2809.369281434432
2771.413194235175
2727.510727109836
2773.9389293929094
2775.350006790906
2748.6037107509296
2740.347718748383
2772.7503160379797
2818.972512137705
2731.1754448429524
2810.382570131416
2791.8580648933716
2764.927384000307
2806.564779587476
2730.8313595935692
2777.2693768949557
2775.749049266605
2777.4534848468093
2781.138211374695
2755.6937120242665
2671.5639706692887
2736.667177235852
2721.973339247952
2776.7616154025727
2773.627207322448
2754.3846096030443
2806.020139519975
2793.3159806313006
2708.8524344541224
2709.7232292822873
2797.298725984207
2686.13054531143
2791.6814121199113
2772.506080341954
2748.925021763362
2730.85641543625
2700.873921768004
2777.924395847717
2762.8345352815445
2715.4903848986696
2754.254588602369
2698.7869403437244
2768.2459028702906
2743.839214329223
2748.1573982444925
2763.5367841964257
2769.120542982003
2770.154203291355
2781.7239776706465
2758.4769690248804
2794.111203796728
2757.1990182927225
2755.7490720019255
2760.644748713852
2732.297430417343
2750.2489620148735
2793.6123724937634
2791.1049247389597
2752.277681706125
2744.516292717673
2773.8012797184347
2750.7290284545675
2720.5112078300785
2825.5637863990296
2799.6513955596365
2826.7789169721073
2793.355865489512
2743.795676020698
2751.2510809891683
2715.6280763497593
2734.6902853238535
2761.8297641633735
2811.713923280398
2795.891059184516
2735.5348591452957
2736.6812488959376
2743.2964684856815
2782.281984217766
2751.3730569196327
2785.9081184255024
2797.0011083316103
2753.5845710156254
2754.574381137579
2753.73741891281
2762.2066112781913
2822.4823080551414
2715.2589496144647
2693.520255694853
2809.650836901817
2728.188938644764
2751.598253901025
2731.09708242345
