25480.0
25430.0
25428.0
25405.0
25652.0
25622.0
25627.0
25432.0
25492.0
25459.0
25430.0
25400.0
25425.0
25400.0
25522.0
25589.0
25405.0
25747.0
25400.0
25411.0
25400.0
25406.0
25722.0
25427.0
25430.0
25602.0
25454.0
25508.0
25400.0
25428.0
25556.0
25501.0
25815.0
25688.0
25510.0
25428.0
25450.0
25530.0
25421.0
26020.0
25459.0
25487.0
25482.0
25547.0
25416.0
25625.0
25459.0
25635.0
25798.0
25825.0
25467.0
25704.0
25491.0
25454.0
25701.0
25410.0
25828.0
25643.0
25711.0
25482.0
25669.0
25421.0
25400.0
25400.0
25427.0
25711.0
25428.0
25435.0
25645.0
25788.0
25460.0
25430.0
25594.0
25411.0
25400.0
25421.0
25515.0
25448.0
25612.0
25430.0
25428.0
25405.0
25428.0
25574.0
25416.0
25713.0
25400.0
25508.0
25522.0
25395.0
25461.0
25464.0
25456.0
25652.0
25673.0
25430.0
25939.0
25427.0
25690.0
25411.0
